# Created by Octave 5.1.0, Tue Oct 29 23:02:42 2019 GMT <unknown@LUANA-NOTEBOOK>
# name: A
# type: matrix
# rows: 20
# columns: 20
 342.02589210803012 133.29223902037086 85.257736533132459 -118.55409494332777 -25.706711580076686 -172.01299994974175 -148.30790747414679 -186.45961428207872 44.615827875432437 -23.460596399602728 -13.243383498030354 -142.90749290985369 118.78898431428865 61.544072374466296 -105.79803457630197 -20.481581980304721 157.5988907791251 -9.6452635466167465 -18.36952960362251 96.149197295038405
 133.29223902037086 322.5610203646213 171.18871832805959 -18.405829757180083 -70.837639449338255 -214.92166053122892 -67.814375823115341 -160.21364385899014 124.54324961796914 65.556986820924593 -39.691327458746464 -165.18165482303502 127.06803722042808 174.50715657307944 -95.537630175693096 62.135747609233952 38.31212195186901 55.254581178728145 -92.190982309172384 52.362102068479246
 85.257736533132459 171.18871832805959 362.27424810596591 -38.454732112044525 -148.37134519106422 -208.98711078013025 55.287156662891455 -175.22348678608992 221.89293745968408 65.369538974755372 -140.86111784080666 -177.90724814922766 185.48856907541412 172.907711490738 -158.69098675998637 166.34402399284733 -59.736551089180075 88.90754388000471 -155.87439748640884 -26.566565291293639
 -118.55409494332777 -18.405829757180083 -38.454732112044525 331.35054245163116 4.2743455241095258 104.92384874277732 131.41561475367249 123.06151547557852 -13.709969612484086 3.782916505639168 198.16537148116393 49.109854163805814 -127.66397131769271 -27.371105736861143 133.36222462292264 -124.93654192036725 -17.102730392035078 -73.084005700276947 -52.101195565527213 67.148064125681046
 -25.706711580076686 -70.837639449338255 -148.37134519106422 4.2743455241095258 336.28214967863681 66.200616422100026 -8.9580027544147374 132.70777024086917 -113.1595469417082 -135.38529199193064 100.57058135928487 21.154838123903644 -61.204690060929451 14.828438962097747 201.04631383917334 -122.26137250754384 26.229348661860193 -155.67955892526498 -30.940354882127487 -7.7335869214681034
 -172.01299994974175 -214.92166053122892 -208.98711078013025 104.92384874277732 66.200616422100026 345.72442193484028 48.904136516321444 186.92869099605116 -120.74854529666138 -57.969691795115992 103.15115288734542 208.00832027471989 -234.10716613757799 -227.55973316305599 139.61043286219717 -100.51951961929485 -15.08507913942262 -77.074073391345237 143.49770212527346 -11.667274406763351
 -148.30790747414679 -67.814375823115341 55.287156662891455 131.41561475367249 -8.9580027544147374 48.904136516321444 304.75853292128943 93.461531294216485 67.536565630495005 -6.3666165641174368 22.948192214968355 31.621496256271953 -3.1358865790410033 50.298806242116008 44.21743023422421 47.154874991819064 -132.38373614149918 -21.181782283069953 -121.25370892657962 -37.223959441608699
 -186.45961428207872 -160.21364385899014 -175.22348678608992 123.06151547557852 132.70777024086917 186.92869099605116 93.461531294216485 321.61240220105731 -127.12079322056627 -45.59936226552297 123.37437038138236 122.63352179005425 -159.62930168969112 -80.649927826522116 202.65872421220178 -87.28465790366846 -61.287107395218051 -55.573090833259876 1.6621819958820332 -0.46780294626520325
 44.615827875432437 124.54324961796914 221.89293745968408 -13.709969612484086 -113.1595469417082 -120.74854529666138 67.536565630495005 -127.12079322056627 288.83049543749831 64.695270671547078 -86.284106539441211 -92.943662485622923 122.91173571977784 107.46584426782307 -120.2146897339139 105.20811353102584 -28.453885788189034 -3.0067540694320005 -89.507357030738717 -21.438547546763477
 -23.460596399602728 65.556986820924593 65.369538974755372 3.782916505639168 -135.38529199193064 -57.969691795115992 -6.3666165641174368 -45.59936226552297 64.695270671547078 290.29820248602459 -51.008531547166456 -62.695612676079094 82.952976088189274 48.82539498110917 -115.8887043695042 89.79967005914105 5.2603537625060817 100.57083166796735 -24.770417247684613 49.569406000151602
 -13.243383498030354 -39.691327458746464 -140.86111784080666 198.16537148116393 100.57058135928487 103.15115288734542 22.948192214968355 123.37437038138236 -86.284106539441211 -51.008531547166456 329.50714814376846 21.414414245121247 -137.20393580343307 -57.287723457141503 178.79671847357838 -218.61699541987275 82.135743966796568 -164.66517924365246 -14.347226170608314 154.15833443454071
 -142.90749290985369 -165.18165482303502 -177.90724814922766 49.109854163805814 21.154838123903644 208.00832027471989 31.621496256271953 122.63352179005425 -92.943662485622923 -62.695612676079094 21.414414245121247 330.4194226803927 -163.37963494691883 -171.48134211448624 71.518963392417575 -75.870969735927687 -7.8671869533823076 -22.447084770267185 169.09208477983637 -85.138418059956834
 118.78898431428865 127.06803722042808 185.48856907541412 -127.66397131769271 -61.204690060929451 -234.10716613757799 -3.1358865790410033 -159.62930168969112 122.91173571977784 82.952976088189274 -137.20393580343307 -163.37963494691883 353.91558494206919 203.75544854211941 -148.99589907102956 111.186408985166 -20.15210840627255 57.670504584206327 -159.69344112280388 11.118493899859436
 61.544072374466296 174.50715657307944 172.907711490738 -27.371105736861143 14.828438962097747 -227.55973316305599 50.298806242116008 -80.649927826522116 107.46584426782307 48.82539498110917 -57.287723457141503 -171.48134211448624 203.75544854211941 348.58794400962358 -47.136938139633536 87.306889539057693 -26.447964408653618 34.61506526022152 -232.29008909647274 -4.3391931682664717
 -105.79803457630197 -95.537630175693096 -158.69098675998637 133.36222462292264 201.04631383917334 139.61043286219717 44.21743023422421 202.65872421220178 -120.2146897339139 -115.8887043695042 178.79671847357838 71.518963392417575 -148.99589907102956 -47.136938139633536 324.70172382845186 -189.29324196400779 3.1834256593288823 -161.11317835699072 -23.076138284537862 7.2196012340450144
 -20.481581980304721 62.135747609233952 166.34402399284733 -124.93654192036725 -122.26137250754384 -100.51951961929485 47.154874991819064 -87.28465790366846 105.20811353102584 89.79967005914105 -218.61699541987275 -75.870969735927687 111.186408985166 87.306889539057693 -189.29324196400779 325.69111123348512 -128.88968896355394 179.17439189136084 -33.01953381626538 -105.67161781065575
 157.5988907791251 38.31212195186901 -59.736551089180075 -17.102730392035078 26.229348661860193 -15.08507913942262 -132.38373614149918 -61.287107395218051 -28.453885788189034 5.2603537625060817 82.135743966796568 -7.8671869533823076 -20.15210840627255 -26.447964408653618 3.1834256593288823 -128.88968896355394 292.80821610146006 -61.29629794321302 57.107861824964829 109.37440501784906
 -9.6452635466167465 55.254581178728145 88.90754388000471 -73.084005700276947 -155.67955892526498 -77.074073391345237 -21.181782283069953 -55.573090833259876 -3.0067540694320005 100.57083166796735 -164.66517924365246 -22.447084770267185 57.670504584206327 34.61506526022152 -161.11317835699072 179.17439189136084 -61.29629794321302 327.63053992690584 30.597098196668068 -37.754372803375112
 -18.36952960362251 -92.190982309172384 -155.87439748640884 -52.101195565527213 -30.940354882127487 143.49770212527346 -121.25370892657962 1.6621819958820332 -89.507357030738717 -24.770417247684613 -14.347226170608314 169.09208477983637 -159.69344112280388 -232.29008909647274 -23.076138284537862 -33.01953381626538 57.107861824964829 30.597098196668068 321.22172327189708 -36.382338899717368
 96.149197295038405 52.362102068479246 -26.566565291293639 67.148064125681046 -7.7335869214681034 -11.667274406763351 -37.223959441608699 -0.46780294626520325 -21.438547546763477 49.569406000151602 154.15833443454071 -85.138418059956834 11.118493899859436 -4.3391931682664717 7.2196012340450144 -105.67161781065575 109.37440501784906 -37.754372803375112 -36.382338899717368 318.6855455954136


# name: Ae
# type: matrix
# rows: 20
# columns: 20
 157.61237803499461 61.358223513803232 29.771234370949891 -47.804415767774287 9.3671131750034213 -86.689599433053559 -80.20633932945691 -88.945585868509809 23.375334775972487 -3.1152103436807144 4.9104681924620222 -78.368137397847292 37.700008560707587 15.829791678624584 -36.800942240964041 -21.218117435285556 80.506027738681709 -11.618139426228346 1.7117663890111627 40.894631268201465
 61.358223513803232 140.86610562906716 84.038223802277429 10.886041522333851 -18.978694748833256 -102.0388357803416 -15.720558518685202 -61.247394429659437 61.750510340150811 32.565970603220045 -17.979557384160788 -94.23331380528991 44.854669467084094 77.191694451447503 -18.061722815152184 18.580091673128987 18.08189478599736 17.596363459311227 -57.14908009642226 15.64806480522023
 29.771234370949891 84.038223802277429 163.1590614549641 5.7189563237075367 -52.900434198061106 -101.04944159196808 27.875338185078011 -59.799163498862711 101.94761376817391 43.677062351030301 -70.785888072810309 -82.175113154737772 81.52636043722265 93.098902629619047 -50.353481655891756 68.863396673212833 -30.225549472880299 32.777677484445661 -83.847589026126784 -18.958211779353938
 -47.804415767774287 10.886041522333851 5.7189563237075367 142.18826634797489 -7.6748585414570396 22.116746998124889 78.923795835319595 55.459214354425804 3.3796742250313079 -0.046468896843551377 52.016628529324244 5.0338985461546883 -35.515285213156716 15.666161733396006 54.787250013173093 -28.864174835561272 -35.525164894922113 -2.5615358154222099 -42.890148239544132 20.801361522000015
 9.3671131750034213 -18.978694748833256 -52.900434198061106 -7.6748585414570396 156.16184936607095 11.994661056695429 -3.8916318474683971 46.761028882992719 -48.049564488112686 -73.151605117633409 31.465396456676793 7.4515798137965295 -19.222239345714488 18.377713072419922 89.960748339399402 -52.083254883777293 21.676201037436726 -72.403875640047318 -18.16375965661106 -5.2703935519928997
 -86.689599433053559 -102.0388357803416 -101.04944159196808 22.116746998124889 11.994661056695429 151.18717612381488 22.874718441592268 81.430732470525527 -72.909657800326372 -33.320726190210273 41.744826956049799 104.35092054121519 -93.000213217588467 -92.498279107298444 40.196553680790053 -24.21238465846006 -13.382250043467611 -4.9910769205006016 68.269524830178227 -5.7920887206063645
 -80.20633932945691 -15.720558518685202 27.875338185078011 78.923795835319595 -3.8916318474683971 22.874718441592268 138.43847452330058 55.824662239879544 18.718701735541348 1.1510502021679043 10.134216388861249 14.655327280219836 2.0194763920194658 40.649745579869744 29.483494685805727 28.794147787111907 -67.903577084806983 2.1111600592778159 -69.798894821373636 -17.613833562999751
 -88.945585868509809 -61.247394429659437 -59.799163498862711 55.459214354425804 46.761028882992719 81.430732470525527 55.824662239879544 142.18078220641905 -54.085564654464449 -33.459955330639787 39.598247982783576 57.647085315140352 -59.944404322728843 -23.898862564105574 78.951335344859999 -18.557561044631626 -40.957693950538143 -11.663636958857932 -4.2335297252076582 6.4164767346606206
 23.375334775972487 61.750510340150811 101.94761376817391 3.3796742250313079 -48.049564488112686 -72.909657800326372 18.718701735541348 -54.085564654464449 135.62856989142017 36.863377020834527 -48.522207814345578 -59.45877461591617 71.358802650573267 60.876902975496577 -40.255424971937366 43.285905048319677 -10.536792957125261 -2.7713081159193536 -50.852611110201551 -11.263488301304079
 -3.1152103436807144 32.565970603220045 43.677062351030301 -0.046468896843551377 -73.151605117633409 -33.320726190210273 1.1510502021679043 -33.459955330639787 36.863377020834527 131.66298167588533 -17.269522697874322 -35.924758478485558 45.532454912163502 20.243526751011125 -70.257341112952687 29.13616688032554 12.445970030969963 27.992956182765617 -12.783964212198011 22.46875398570781
 4.9104681924620222 -17.979557384160788 -70.785888072810309 52.016628529324244 31.465396456676793 41.744826956049799 10.134216388861249 39.598247982783576 -48.522207814345578 -17.269522697874322 144.65484634234804 7.1335590974881455 -59.140144621866355 -34.642452992516198 55.078200730640212 -74.729886286388506 34.784509482224351 -52.437870245409933 5.4829289796144574 71.043827424055053
 -78.368137397847292 -94.23331380528991 -82.175113154737772 5.0338985461546883 7.4515798137965295 104.35092054121519 14.655327280219836 57.647085315140352 -59.45877461591617 -35.924758478485558 7.1335590974881455 147.23478029178028 -65.213739283537649 -69.137340028588483 21.742468858226733 -12.829043192344647 -12.129407517410149 -1.7118954284184245 64.095344331335326 -41.775042721625859
 37.700008560707587 44.854669467084094 81.52636043722265 -35.515285213156716 -19.222239345714488 -93.000213217588467 2.0194763920194658 -59.944404322728843 71.358802650573267 45.532454912163502 -59.140144621866355 -65.213739283537649 156.14346440863306 81.614904457689022 -62.647243377079221 33.975721678949512 -12.683973093089836 -4.5549242394539613 -66.757405579729181 3.3860425373500571
 15.829791678624584 77.191694451447503 93.098902629619047 15.666161733396006 18.377713072419922 -92.498279107298444 40.649745579869744 -23.898862564105574 60.876902975496577 20.243526751011125 -34.642452992516198 -69.137340028588483 81.614904457689022 158.96726849898209 -6.2898284248247336 25.99884816853865 -20.92959934000466 -5.0069172720784234 -126.0110023322983 -14.829797756096117
 -36.800942240964041 -18.061722815152184 -50.353481655891756 54.787250013173093 89.960748339399402 40.196553680790053 29.483494685805727 78.951335344859999 -40.255424971937366 -70.257341112952687 55.078200730640212 21.742468858226733 -62.647243377079221 -6.2898284248247336 146.34653881102696 -60.955552704368927 -14.227050389184665 -52.6100034446414 -15.433633257145386 -4.9284950095638989
 -21.218117435285556 18.580091673128987 68.863396673212833 -28.864174835561272 -52.083254883777293 -24.21238465846006 28.794147787111907 -18.557561044631626 43.285905048319677 29.13616688032554 -74.729886286388506 -12.829043192344647 33.975721678949512 25.99884816853865 -60.955552704368927 138.71738742806772 -48.492622233287328 72.600396516962178 -12.252013951537389 -45.364555305654797
 80.506027738681709 18.08189478599736 -30.225549472880299 -35.525164894922113 21.676201037436726 -13.382250043467611 -67.903577084806983 -40.957693950538143 -10.536792957125261 12.445970030969963 34.784509482224351 -12.129407517410149 -12.683973093089836 -20.92959934000466 -14.227050389184665 -48.492622233287328 137.72232045142124 -40.52548728919156 33.984683433693924 45.231041612605807
 -11.618139426228346 17.596363459311227 32.777677484445661 -2.5615358154222099 -72.403875640047318 -4.9910769205006016 2.1111600592778159 -11.663636958857932 -2.7713081159193536 27.992956182765617 -52.437870245409933 -1.7118954284184245 -4.5549242394539613 -5.0069172720784234 -52.6100034446414 72.600396516962178 -40.52548728919156 145.11274124859966 16.097004889933675 -10.185838952570009
 1.7117663890111627 -57.14908009642226 -83.847589026126784 -42.890148239544132 -18.16375965661106 68.269524830178227 -69.798894821373636 -4.2335297252076582 -50.852611110201551 -12.783964212198011 5.4829289796144574 64.095344331335326 -66.757405579729181 -126.0110023322983 -15.433633257145386 -12.252013951537389 33.984683433693924 16.097004889933675 153.12505436673888 -5.7145968502233195
 40.894631268201465 15.64806480522023 -18.958211779353938 20.801361522000015 -5.2703935519928997 -5.7920887206063645 -17.613833562999751 6.4164767346606206 -11.263488301304079 22.46875398570781 71.043827424055053 -41.775042721625859 3.3860425373500571 -14.829797756096117 -4.9284950095638989 -45.364555305654797 45.231041612605807 -10.185838952570009 -5.7145968502233195 142.34556647790387


# name: C
# type: matrix
# rows: 1
# columns: 20
 67.486499059842942 170.0363944944996 294.99741606090464 -100.8955681573499 -100.91485031181652 -247.25824154491059 42.663797374323387 -153.67101892064875 175.64008781656977 80.961656895449195 -184.2259076525396 -209.71130044234991 243.80473606488547 228.38808922440515 -160.30664672255634 214.84360368857912 -93.948364410455071 127.65918911349466 -175.63044458489179 -37.569768239303031


# name: Ce
# type: matrix
# rows: 1
# columns: 20
 28.441676947247057 72.857554146723885 139.00743746707718 -15.548770251582791 -45.107013886539065 -104.80223084377836 21.359660771564769 -63.422367796526402 79.937074563988602 45.108294075463192 -89.101156694201322 -80.369734033517517 96.887848308486923 102.32447148519822 -60.260350730214881 77.78239204470222 -35.825943444693607 43.457649163992848 -84.74219310954112 -26.732478975460609


# name: G
# type: matrix
# rows: 20
# columns: 393
 -0.99999999932403405 -0.99842383902730814 -0.99999847716467294 -0.99997704522200614 -0.99999664561095114 0.99999998755632524 0.99832049912629006 -0.76611888158074537 1 -0.91970940688921299 -0.97351384033294808 -0.99999999998811817 0.99219791325105122 -0.99992336640377499 -0.99993580209935351 -0.98959478808773882 0.98615769458809543 -0.99999975457003409 -0.98608679943841693 -0.027103403508363582 -0.99999999586367572 0.44105807289131882 0.97564295993145378 0.99999999999842981 -0.995422411311084 0.9999917714761325 -0.99651015875732019 0.98917791830382351 0.73711068763360599 1 0.99993498051616903 -0.99997941633373044 -0.99033546357754121 -0.99999953237522443 0.99353848262666189 -0.982900231437146 -0.99999660593212059 0.83602287288521326 -0.53703546758519538 0.99999999999991784 0.99999999972215359 0.88986684984945008 0.67943583701021582 0.99998552128094675 -0.53124882119401495 -0.99936000024709615 -0.99491084042739675 0.99572335341990392 -0.99994529419084688 0.99999999967175457 0.99999999999928213 0.99999358155998186 0.99999999993035638 0.99998338137025389 -0.99949764748479342 -0.99880444577480398 -0.99999999999929046 0.99970493982375086 0.69527373044769358 0.98488559059312697 0.42960179678256188 -0.9999999758254321 0.99999999972530906 -0.48635676378922232 -0.99862284940788903 0.9997740404606269 0.99999989105817866 0.60224448263534824 0.99999999999993394 -0.99997972944840663 -0.99999922798631169 0.9977537038759493 -0.99995739181450172 -0.91111551508670963 0.1369310346944817 0.98271738386277974 -0.99999780436736718 -0.99569815567433173 -0.89490046816803193 -0.23587707154068452 0.99864706999926722 -0.55155472813357354 -0.9999853148108967 0.99995018293119742 -0.99964624299841898 -0.99999956205959339 -0.61415127358482335 -0.99999996713053785 -0.99832834555068684 0.99998698505483974 -0.97181314888180126 -0.82296824389329026 0.99999878208907456 0.80128947047317745 -0.99972199303281317 -0.99919154048109815 -0.91081355413173026 -0.99594371959076411 -0.99875974207738283 0.9999666130143321 0.99999999974720355 0.56982409689975477 -0.99660709426228911 -0.99965822559231954 0.67030577331231478 0.9997941173615017 -0.82549226379253626 0.99999374655028617 -0.98949446318134571 0.99999999998003497 -0.99975552346589502 -0.99999999996660205 -0.64294732095865847 -0.99946640110063256 -0.99999998905132292 -0.99999999763426728 0.99999999999852152 -0.9979981923104867 0.87116568127799721 -0.99999999527964567 -0.99999944425723863 0.99999874479567408 0.999999999999726 0.11474236149777275 -0.94511720034468483 0.9999998609566586 -0.99992849234167613 -0.99999557832348007 -0.99995115429192571 -0.99990758756254328 0.97517682224282376 0.99999999818399576 0.98004132223793816 -0.99999555042084831 0.61236932865160598 -0.99999998009412361 0.9936842380895401 -0.99999999199657275 0.99994829591239998 -0.82019259143213374 -0.99999345285912422 -0.9972330281104137 0.45187053209941619 0.99807822248899103 -0.99199835472541276 -0.9341340542564327 -0.99999986988518974 -0.99995874337734436 -0.99173747231790177 -0.62187667285805626 0.82975440988189386 -0.99969155372327001 -0.21123974291432798 0.98519840001337933 0.9998702258418164 0.99128377746352425 -0.99999325000748129 -0.99998728992367003 -0.80190392460259041 0.88534048875100357 -0.99983330300648032 -0.99999442855725595 -0.9999909585062523 -0.99985003744744383 0.97285589957098717 0.99249825668621994 0.9999995691040624 0.99980729650851019 -0.99999812630956908 -0.99992640839402736 0.96665702538972564 0.9999993003513149 -0.99998284147330652 -0.99999999876177004 -0.97718316715143061 -0.9994199712874321 -0.80856338291991947 -0.8542877438204699 0.85025447901629903 -0.99999993534609466 0.11140384286229471 -0.48724057417933614 -0.99999851826298281 -0.99999760756122846 -0.99999957939008866 -0.99999669658071688 -0.9980091562507224 0.99999999999999956 -0.99868296369573828 -0.99999806437118288 0.99999999976510978 -0.99908989606644072 0.6896575516343102 -0.99999868650216361 0.99868387250983037 -0.84889907646931539 -0.9687301938152868 -0.99998925305718867 0.97413469152349952 0.9999999979468045 0.9388687479265958 0.99991802851967249 0.15598677667447439 0.99989890927659619 0.30771066705358929 0.99999999907158243 -0.90250385853169923 0.99512593158927265 0.9999999999993231 0.99999860913114824 0.99999998076923335 0.99999999999999933 0.99999979912724757 0.98746609835729104 -0.99999999999991351 1 -0.96409893266817492 0.99991299545281787 -0.99977977594278467 -0.99640070486394716 -0.99906722726848374 0.78823204324579554 -0.27295937801255271 -0.91589165172567932 0.99999999999005051 -0.98684015442462325 0.99999893083683955 0.88484184163558888 -0.99999280173671024 -0.99938706391664756 -0.99994847190934744 -0.99999993833245593 -0.95016013657868359 0.34209233687976903 -0.82692630820718804 0.99998063581748975 0.99999854435551783 0.99999391598009935 -0.99999589115463206 -0.99838644340619853 0.99996534930628889 0.40722204667141937 0.99853331692009573 0.99985281172204876 0.99998010217724309 0.55609765369948161 0.99996339227480402 -0.99940233819842406 -0.98059921907424075 0.99999999970288866 -0.25437412354229433 -0.16244656233808552 -0.94671117331677834 -0.99930193189523586 0.99937062946961697 -0.98440900466925962 -0.99854176407679685 0.99999836585961233 0.32582814483347999 -0.99999973229403238 -0.99999994316265495 0.99999959753742862 0.99615144767000263 0.98086173897230133 0.99852192304324938 0.76251841666091558 -0.99999999996750999 -0.80320240548596089 -0.99999999018913655 0.99983603770327012 0.99887298596016916 -0.99759369305171219 0.99999999999311073 -0.93395884871177315 -0.99868183207537886 -0.99999999100830683 0.99179721538241095 -0.9639970138565751 0.99997809549938999 -0.99997086440434146 0.39394307879873852 -0.99999999815976515 -0.99999972696123096 -0.9978580706888297 -0.9967369906895921 0.99939131697242678 -0.98685973218276546 -0.99998552253366435 -0.77291323691680403 -0.99999570476321675 0.9998362387508184 -0.87752137503038663 0.99999574653903256 -0.99997487745899316 -0.99939983850865866 0.86039297327661413 -0.99998934486901792 -0.66912683774717752 0.95784296910322242 -0.9983722506011623 0.9981840696271026 0.99992376556319584 1 -0.89479159591018498 -0.9999999977646904 0.99989579070467527 -0.99998305093133921 -0.99911130588422281 0.171900634708229 0.94966067639668184 -0.80769777740240067 0.9999066008969546 -0.99999839694489712 -0.71286384491583799 -0.99999989847313087 -0.99999424622053623 0.99999986234895655 -0.037968621324730945 0.4678258283523189 0.60406788545260981 -0.0061634897766269896 -0.99983588682388813 0.98412667356100891 -0.91631856652221344 -0.99999991976570013 0.49362862694472237 -0.67464875820965919 -0.16188052564775787 0.44527561277173189 0.94855526133278134 -0.99995618216931448 -0.99996747425313448 0.99736551614945079 -0.99782185123655065 -0.9999197515379179 0.99962387977340994 0.9513383904763677 0.9999999999998026 -0.99999372726022528 -0.99964135439331647 -0.99998138007060233 0.99959694046805514 -0.99999999944422446 0.9999999994225045 -0.99901801262826495 -0.99123061359130826 0.99996594681317752 -0.25396151574612541 -0.88367658458944121 1 -0.99999999099251513 -0.99999909328931191 0.99999999854601507 0.99999999999596978 -0.98840751284621431 0.99988293363258474 -0.99999276272291282 -0.99946167143464282 0.99999999999999989 -0.99732668106517319 0.99066446848699719 -0.9999473289319849 0.99999999947669516 -0.99997890056547567 -0.99520919169638655 0.99723004377343316 0.086362319637675558 0.98269202953026535 0.88240878808518153 -0.99638261943662332 -0.85700222998885622 0.99998984477822117 -0.99999832737460093 0.93659769595981057 0.8997076109619917 -0.99999998512133614 0.99552468804092076 0.99994995692143396 0.99999999999977029 -0.99998435395149665 0.4836125609131523 -0.961148976746246 -0.99988622002261007 -0.99999961775706425 0.99997247410888979 -0.99999162517773599 -0.99984014958626566 -0.99999999630414527 0.99999352047822676 0.99885657742380485 -0.99858031314028461 -0.99999802495569912 -0.99999999949717355
 -0.99722478116122404 -0.98063930479059591 -0.9999490295674206 -0.98503939870410862 -0.78255227480940215 0.96704109392456028 0.86705085775263824 -0.83088705116141126 0.9892706901843108 0.89157005828152713 0.94910045773528173 -0.99818462002168784 0.91219767035911714 -0.97243135345653409 -0.99026500933249217 -0.99982927466679783 0.99024582740564582 -0.27824324394581862 -0.99985079448623726 -0.97706883023563074 -0.98136254105959497 0.99997246633388059 0.99859053465385428 0.76804034385558617 -0.99953504302106844 -0.857475768259362 0.99933134227875253 0.99995704303296606 0.96909306023313591 0.99992679584164612 0.99999987398120527 -0.12459493848151028 -0.97613713150733661 -0.13167524089092428 0.98938172342073738 -0.99990642145914566 -0.98523289524915136 0.8448838228743758 -0.86552065681785784 0.99996161812809992 -0.98031407258784142 -0.98935740437618358 0.8799732122555638 0.99641548054384765 -0.99721984638623595 0.73605079139361185 0.93419832437068651 -0.98427589273431126 -0.77904962119826582 0.99995709541339028 0.99358543889275375 -0.59565572575590264 0.99999950288747141 0.99999999998622202 0.93705651629176645 -0.99996519712642606 -0.99999555770883986 -0.91469901540125642 -0.84332767636976358 -0.99999881038651195 -0.98024038859374651 -0.89811266863215922 0.9993261914105066 -0.99982448457443929 -0.99429813379429866 -0.82205889536722354 -0.90304853344188962 0.94047998019457935 0.99481583952532082 -0.9996119169072748 0.99999718136259708 -0.96685054925559832 -0.99977105953777423 -0.99940370669043621 -0.99868882214785826 0.99754512476534618 -0.97928008045815451 -0.9977761834698371 -0.9847235979901906 -0.9989092965901043 -0.9777248089007553 0.29447125533964746 -0.8597203028348025 -0.99973891537188753 0.099190720077702757 -0.97586084860198363 -0.99999941509137003 -0.96207386447813137 0.99998796695264625 0.99999938157596224 -0.99833229430221315 -0.99841168025217386 0.99994256842342277 -0.99809623575331352 0.20912519424102582 -0.77916052933085778 -0.64359754552951243 -0.99775003498538384 -0.99996533620564021 0.99984730284081691 0.98075900980201913 0.95836053482616368 -0.099540323240002032 -0.99841383484223256 0.84620354944131815 -0.99615588418904344 -0.85635039038213656 0.99999999999593447 -0.99190154727425872 0.72541954338489689 -0.69630616347724561 -0.99959905600191312 -0.9999582768356442 -0.91501110311595557 -0.99998698819271037 -0.72964514397937519 0.70663211736818465 -0.99742078287717106 -0.99990798668246406 -0.9990715465490243 -0.99978218858861823 0.9692841451236861 0.96755397003993759 -0.99997857266135004 -0.5816950103621944 0.54103610847094397 -0.10114612725576691 -0.99999999873276735 -0.98570532711320435 -0.99999097616577304 -0.99754432748130084 0.99914181584370487 0.79066814514240991 -0.99811048859527463 0.97584380183751018 -0.99989414139969901 -0.99160516142574229 -0.69509694367541719 0.99220954299660957 -0.99997075579534334 0.99999983857556729 -0.65584041809913496 0.99998921250397155 0.28923353786412498 0.62966453840876802 -0.99830689298273778 -0.99282824229180755 -0.99922933384752965 -0.99966257322448748 -0.94512644645930566 -0.99424206800566073 -0.98705982801646652 0.35725330092143937 -0.96379709988176676 -0.95505424827633989 -0.12002087501521393 -0.91753149616934881 -0.94656220436543226 -0.88494580153211955 0.96648200088144565 -0.99847438668629829 -0.98701346493629727 -0.99798994290105747 0.97385463732463695 -0.99996933727204351 -0.44084936819052645 0.99999999999391076 0.98802329161719138 -0.99319969050928159 0.98794605142022562 -0.90060649042575924 -0.977745865141181 -0.99991504930685804 0.8792533453141429 0.082801324045514657 0.83084776840269325 0.99905872324473755 0.98585710677435379 -0.99900538486427704 0.7522282252893413 -0.2354056512861154 -0.6640560508034139 0.9121185531043331 -0.99494915076153778 -0.22465368306648201 0.77286375503826343 0.022912298247705826 0.99999997960523557 -0.99789244798732213 -0.12279611141342869 -0.91188700212171447 -0.99999897794419323 0.9874698556096414 -0.99997799038522472 0.79760044300744426 -0.99949879637631478 -0.9933054148519781 -0.88064605342677182 -0.99844840003473256 0.99999806362363108 -0.99999659463821455 0.80988526634734881 -0.94860732891849675 0.94434741607032147 -0.99993643988383407 0.99999248485107239 -0.99959792627283239 -0.57983721035642166 0.99997748457037294 -0.99528220837042913 0.99999889464186875 0.98836726526181873 0.97824693668424001 -0.99917348842092668 -0.98874964562917778 0.99995393898114326 -0.92209433128523 -0.27598314928751783 -0.98813732449970726 -0.9999811223352445 -0.097813011089163196 0.81836541868385848 0.019631435047097578 -0.97091057240934353 0.98806893286748187 -0.99997527968589039 0.48748433135651414 0.96910769970076049 0.98885338893018937 -0.99999223647840452 -0.82101694203226927 -0.96547423783594832 0.99976544549324686 -0.92164179222338494 -0.99080872980597323 0.99213785043974612 -0.54439992792096525 -0.99587481051998228 0.99995163260467712 -0.99644698745497229 0.99735985656181292 -0.9999999083857829 -0.97349013065147671 0.89122219386243495 0.9984455177496131 -0.99999995936946373 0.90109175141200326 -0.98498253077920206 -0.77996246806769021 0.99999247317433171 -0.66626890835518948 0.99716867360816919 -0.99987660399595535 -0.99999664673721267 0.99326643286775029 0.2863631990232694 -0.99944554476773595 0.99990645754878738 -0.99489096746792838 -0.99604024136597591 -0.98907972995919902 0.99883973085985922 -0.30999723780671679 -0.98510581609747694 0.99957207237306644 -0.999852295830021 0.61271607425760033 -0.98914683900053124 0.79521505430422579 -0.16737797655455341 -0.90779119272515363 -0.99867788922853495 0.999999879169022 -0.84835855278434902 0.94418471483054267 0.9991584014184729 -0.86006817405073599 0.55971128504861656 -0.99110101056229605 -0.97814238342571935 -0.15301630419567258 -0.89765537027614362 -0.99891645877077695 0.95845814857312228 -0.99950780260018668 -0.99711348874717953 -0.99860749141928951 -0.99999535366887315 -0.95891867282586551 -0.97891852193688433 -0.995886909165694 -0.84294873060118791 -0.23159615680858131 -0.98792330864805744 -0.3189393777740227 -0.91788743389549232 -0.99973251721697076 -0.94027910270160842 -0.7656238183921249 -0.99897861196004856 -0.41521523932418314 0.99989000673149842 0.99999999992517541 -0.97358355105832706 -0.76993034826774975 0.98606984726354974 -0.84782139378059207 -0.99873667983893166 -0.99999220465601446 0.78194153243906617 -0.99953845367873206 -0.99975962950291641 -0.83220948242540937 0.78602391219850665 0.99662737326756745 0.99999997170124377 -0.9985527582974395 0.99636614478777241 -0.99986581459865898 -0.40317839857676907 -0.99999992835836693 0.75539044316034254 0.99501148053775257 0.99558242848906486 -0.98314449563796225 0.62510512013755437 0.95890312337037209 -0.99980391597930973 -0.99533858288216959 -0.62894183135270443 -0.99949786468884894 -0.99994772674144738 -0.99999941110686241 -0.99816525758051078 -0.037812826580889844 0.9999855746270444 0.99989391153538187 0.7848316564690011 -0.99038073238438873 -0.99999220658178367 -0.89899103047998108 0.50784694104417416 0.48588979487335354 -0.62701511252835873 -0.9999456599301082 -0.95664378790455384 0.79997706285643611 -0.99403375611156886 0.99923972472968248 0.99999957760465608 -0.99999293699447067 -0.98586238927083358 -0.65610293046523682 0.37229447590626846 -0.99999951847046542 -0.99991688528814926 -0.97910087550984892 -0.99987864841941787 0.99999993438657364 0.98560165320923443 0.95805750354831098 -0.99998293665410554 0.99999883657306077 -0.87453636748025065 0.99997288910531668 0.12250502259695446 0.45917106783924544 0.99882951241134776 0.75591677000148016 -0.9994630425144384 -0.99985447946054284 -0.090988808391935419 -0.98292704859333435 -0.99545517662030047 -0.99273029301307536 -0.8211248161813639 -0.99999629875986007 0.15341161142979423 0.99999988013669627 -0.99930343972849855 -0.99999999846702081 -0.99630349912182137 -0.98495169218866752 0.95514828914961192 0.99179672191252444 -0.99984026650188518 -0.55026333120843796 -0.99902588672853487 -0.99984056012302203 -0.64838504979966571 -0.99984905676846847 -0.99616619722509447 -0.99997335313780444
